0 450 760 9999 9999 9999 9999 9999 9999 9999 9999 9999 9999 9999 9999 9999 9999 
450 0 9999 9999 480 9999 9999 9999 9999 9999 9999 9999 9999 9999 9999 250 9999 
760 9999 0 9999 9999 260 9999 9999 9999 9999 9999 9999 200 250 9999 300 9999 
9999 9999 9999 0 9999 500 300 9999 9999 9999 9999 9999 9999 460 590 9999 260 
9999 480 9999 9999 0 9999 9999 9999 9999 9999 9999 9999 9999 330 9999 600 9999 
9999 9999 260 500 9999 0 9999 9999 9999 9999 9999 9999 150 100 800 9999 9999 
9999 9999 9999 300 9999 9999 0 350 9999 9999 200 9999 9999 9999 9999 9999 9999 
9999 9999 9999 9999 9999 9999 350 0 60 240 9999 150 9999 9999 9999 9999 9999 
9999 9999 9999 9999 9999 9999 9999 60 0 240 9999 50 9999 9999 9999 9999 9999 
9999 9999 9999 9999 9999 9999 9999 240 240 0 9999 9999 9999 9999 9999 9999 9999 
9999 9999 9999 9999 9999 9999 200 9999 9999 9999 0 230 9999 9999 9999 9999 9999 
9999 9999 9999 9999 9999 9999 9999 150 50 9999 230 0 9999 9999 9999 9999 9999 
9999 9999 200 9999 9999 150 9999 9999 9999 9999 9999 9999 0 9999 9999 9999 9999 
9999 9999 250 460 330 100 9999 9999 9999 9999 9999 9999 9999 0 9999 500 9999 
9999 9999 9999 590 9999 800 9999 9999 9999 9999 9999 9999 9999 9999 0 9999 9999 
9999 250 300 9999 600 9999 9999 9999 9999 9999 9999 9999 9999 500 9999 0 9999 
9999 9999 9999 260 9999 9999 9999 9999 9999 9999 9999 9999 9999 9999 9999 9999 0 
